list(value = -111.27537033243, argument = c(E = 0.00736089140142666, 
kcat = -0.0128904489582017, kdegS = -0.876562267562398, koff = -448102.492314549, 
kon = -0.0593341296318342, offset_E = -1.7391819903652, S = 2.00233607011469, 
sigma_obsE = -1.03977868140597, sigma_obsES = -1.06057771563456, 
sigma_obsP = -0.966755865374629, sigma_obsS = -1.02562170166582
), iterations = 146L, converged = TRUE)
