list(value = -111.275370317858, argument = c(E = 0.00736089144104367, 
kcat = -0.0128904490193421, kdegS = -0.876562308588855, koff = -1960380.94943058, 
kon = -0.059334130164241, offset_E = 3.59406208266346, S = 2.00233607217732, 
sigma_obsE = -1.03977867758898, sigma_obsES = -1.06057771580637, 
sigma_obsP = -0.966755865598467, sigma_obsS = -1.02562170692088
), iterations = 181L, converged = TRUE)
