list(value = -108.18506685323, argument = c(E = 0.00734832107478565, 
kcat = -0.0127142978792221, kdegS = 0.960495936566398, koff = -3.92529820172959, 
kon = -0.0591041317494341, offset_E = -0.412771703250226, S = 1.97771575683839, 
sigma_obsE = -1.01549913406777, sigma_obsES = -1.06073583568683, 
sigma_obsP = -0.966840808421292, sigma_obsS = -1.03792477956867
), iterations = 164L, converged = TRUE)
