list(value = -108.185065837934, argument = c(E = 0.00734832104479738, 
kcat = -0.0127142939558149, kdegS = 0.948509263076045, koff = -3.91888356613624, 
kon = -0.0591033588067745, offset_E = -0.104212947647396, S = 1.97772886414271, 
sigma_obsE = -1.01549912258503, sigma_obsES = -1.06073583533732, 
sigma_obsP = -0.966840777871441, sigma_obsS = -1.03792479203299
), iterations = 125L, converged = TRUE)
