list(value = -108.185064894874, argument = c(E = 0.00734832101490766, 
kcat = -0.0127143083554261, kdegS = 0.961860111029167, koff = -3.88506838415779, 
kon = -0.0590989872270604, offset_E = 0.977722177690968, S = 1.97771422243091, 
sigma_obsE = -1.0154991363092, sigma_obsES = -1.0607358357208, 
sigma_obsP = -0.966840802551931, sigma_obsS = -1.03792477692538
), iterations = 226L, converged = TRUE)
