list(value = -108.185064725156, argument = c(E = 0.00734832100974709, 
kcat = -0.0127143092655681, kdegS = 0.961978073577332, koff = -3.88175571432919, 
kon = -0.0590985419949916, offset_E = -0.793547986784062, S = 1.97771408997483, 
sigma_obsE = -1.01549913651319, sigma_obsES = -1.06073583571624, 
sigma_obsP = -0.966840801868113, sigma_obsS = -1.03792477671475
), iterations = 135L, converged = TRUE)
