list(value = -111.275370315539, argument = c(E = 0.00736089144906904, 
kcat = -0.0128904490336437, kdegS = -0.876562319838772, koff = -1110118.16658071, 
kon = -0.0593341302876261, offset_E = -1.11773427396894, S = 2.00233607276707, 
sigma_obsE = -1.03977867536538, sigma_obsES = -1.06057771606194, 
sigma_obsP = -0.966755865898694, sigma_obsS = -1.02562170956453
), iterations = 198L, converged = TRUE)
