list(value = -108.185069389638, argument = c(E = 0.00734832107240786, 
kcat = -0.0127142827273539, kdegS = 0.960378758446863, koff = -3.98175241063149, 
kon = -0.0591108524686978, offset_E = 0.496331308750831, S = 1.97771507312255, 
sigma_obsE = -1.01549916305954, sigma_obsES = -1.06073583543367, 
sigma_obsP = -0.966840867265908, sigma_obsS = -1.03792477372892
), iterations = 244L, converged = TRUE)
