list(value = -111.275370319693, argument = c(E = 0.00736089143539986, 
kcat = -0.0128904490080827, kdegS = -0.87656229789799, koff = -352166.903595772, 
kon = -0.0593341300714504, offset_E = -0.119507238621521, S = 2.00233607162045, 
sigma_obsE = -1.03977867999654, sigma_obsES = -1.06057771556016, 
sigma_obsP = -0.966755865300008, sigma_obsS = -1.02562170417316
), iterations = 79L, converged = TRUE)
