list(lambdaL1 = 541169.526546464, value = 5523.29774144154, argument = c(L1_E_C2 = 0, 
L1_kcat_C2 = 0, L1Ref_E = 0.0563032625184098, L1Ref_kcat = -0.642246420365267, 
offset_E = 0.0274016608988262, offset_S = 3.92130123012305, offset_S_C2 = 0.996985016097728, 
S = 2.04014175489422, sigma_obsS = -1.01670743462682, sigma_obsS_C2 = -0.283036005777069, 
sigmaAbs_obsE = 1.21385274109644, sigmaRel_obsE = 0.449582431388615
), iterations = 12L, converged = TRUE)
