list(value = -338.83146995822, argument = c(L1_E_C2 = 0.11990177064616, 
L1_kcat_C2 = 0.711741890097168, L1Ref_E = -0.00122202383210918, 
L1Ref_kcat = -0.997814618862228, offset_E = 1e-05, offset_S = 1.00559875125506e-05, 
offset_S_C2 = 1.00734621265943e-05, S = 2.00324298600775, sigma_obsS = -1.07008857506357, 
sigma_obsS_C2 = -1.02922836061778, sigmaAbs_obsE = 0.213426290120658, 
sigmaRel_obsE = -0.601903201165664), iterations = 117L, converged = TRUE)
