structure(list(value = c(-107.19330238916, -107.490932137581, 
-107.778634205923, -108.05621638853, -108.323493622484, -108.58027965947, 
-108.82639380512, -109.061663384487, -109.285907003259, -109.498958660835, 
-109.700650689117, -109.890837454876, -110.069342197703, -110.236058093107, 
-110.390864633607, -110.533559654976, -110.664039910777, -110.782204652479, 
-110.887921196549, -110.981098615745, -111.061629684258, -111.129425832166, 
-111.184415831621, -111.226523401863, -111.25567077094, -111.271820830663, 
-111.275003075145, -111.27537032002, -111.274918399355, -111.271556598167, 
-111.255004641612, -111.225327032215, -111.182499559955, -111.126515166789, 
-111.057387140682, -110.975112433525, -110.879725002019, -110.771257506659, 
-110.649732750822, -110.515197166104, -110.367723720478, -110.207373886453, 
-110.034210510286, -109.848320957684, -109.649793950854, -109.438720648435, 
-109.215229892522, -108.979409286255, -108.731409716332, -108.471302631622, 
-108.19926906037, -107.915440345219, -107.61996339789, -107.312983235268
), constraint = c(-0.0103, -0.0099, -0.0095, -0.0091, -0.0087, 
-0.0083, -0.0079, -0.0075, -0.0071, -0.0067, -0.0063, -0.0059, 
-0.0055, -0.0051, -0.0047, -0.0043, -0.0039, -0.0035, -0.0031, 
-0.0027, -0.0023, -0.0019, -0.0015, -0.0011, -7e-04, -3e-04, 
-1e-04, 0, 1e-04, 3e-04, 0.000699999999999999, 0.0011, 0.0015, 
0.0019, 0.0023, 0.0027, 0.0031, 0.00349999999999999, 0.00389999999999999, 
0.00429999999999999, 0.00469999999999999, 0.00509999999999999, 
0.00549999999999999, 0.00589999999999999, 0.00629999999999999, 
0.00669999999999999, 0.00709999999999999, 0.00749999999999999, 
0.00789999999999999, 0.00829999999999999, 0.00869999999999999, 
0.00909999999999999, 0.00949999999999999, 0.00989999999999999
), stepsize = c(4e-04, 4e-04, 4e-04, 4e-04, 4e-04, 4e-04, 4e-04, 
4e-04, 4e-04, 4e-04, 4e-04, 4e-04, 4e-04, 4e-04, 4e-04, 4e-04, 
4e-04, 4e-04, 4e-04, 4e-04, 4e-04, 4e-04, 4e-04, 4e-04, 4e-04, 
4e-04, 2e-04, 1e-04, 2e-04, 4e-04, 4e-04, 4e-04, 4e-04, 4e-04, 
4e-04, 4e-04, 4e-04, 4e-04, 4e-04, 4e-04, 4e-04, 4e-04, 4e-04, 
4e-04, 4e-04, 4e-04, 4e-04, 4e-04, 4e-04, 4e-04, 4e-04, 4e-04, 
4e-04, 4e-04), gamma = c(1, 1, 1, 1, 1, 1, 1, 1, 1, 1, 1, 1, 
1, 1, 1, 1, 1, 1, 1, 1, 1, 1, 1, 1, 1, 1, 1, 1, 1, 1, 1, 1, 1, 
1, 1, 1, 1, 1, 1, 1, 1, 1, 1, 1, 1, 1, 1, 1, 1, 1, 1, 1, 1, 1
), whichPar = c("E", "E", "E", "E", "E", "E", "E", "E", "E", 
"E", "E", "E", "E", "E", "E", "E", "E", "E", "E", "E", "E", "E", 
"E", "E", "E", "E", "E", "E", "E", "E", "E", "E", "E", "E", "E", 
"E", "E", "E", "E", "E", "E", "E", "E", "E", "E", "E", "E", "E", 
"E", "E", "E", "E", "E", "E"), chisquare = c(227.999999319834, 
227.999999314694, 227.999999315726, 227.999999315609, 227.999999314702, 
227.99999931664, 227.999999323653, 227.999998464365, 227.999999290455, 
228.000622725595, 227.999999305013, 227.999999325077, 227.99999888256, 
227.999999307745, 227.999999310492, 227.999999235371, 227.999999319191, 
227.999999257083, 227.999998470889, 227.999999358785, 227.999999299128, 
227.999999305822, 227.999999286988, 227.999999352691, 227.999999297069, 
227.999999630397, 227.999999817762, 228.000003497636, 228.000037312915, 
228.00014810337, 228.000580991569, 228.000579882261, 227.999997746538, 
228.000000034673, 228.000581184287, 228.000580482489, 227.999994105104, 
228.000578338482, 228.000579884874, 228.000580110603, 228.000580277854, 
228.000580165436, 228.000579411915, 228.000580622098, 228.000581109702, 
228.000578758454, 228.000581086308, 228.000581598511, 228.000563254762, 
228.000581811402, 228.00058411931, 228.000582594381, 228.000582482991, 
228.000582953644), data = c(-107.19330238916, -107.490932137581, 
-107.778634205923, -108.05621638853, -108.323493622484, -108.58027965947, 
-108.82639380512, -109.061663384487, -109.285907003259, -109.498958660835, 
-109.700650689117, -109.890837454876, -110.069342197703, -110.236058093107, 
-110.390864633607, -110.533559654976, -110.664039910777, -110.782204652479, 
-110.887921196549, -110.981098615745, -111.061629684258, -111.129425832166, 
-111.184415831621, -111.226523401863, -111.25567077094, -111.271820830663, 
-111.275003075145, -111.27537032002, -111.274918399355, -111.271556598167, 
-111.255004641612, -111.225327032215, -111.182499559955, -111.126515166789, 
-111.057387140682, -110.975112433525, -110.879725002019, -110.771257506659, 
-110.649732750822, -110.515197166104, -110.367723720478, -110.207373886453, 
-110.034210510286, -109.848320957684, -109.649793950854, -109.438720648435, 
-109.215229892522, -108.979409286255, -108.731409716332, -108.471302631622, 
-108.19926906037, -107.915440345219, -107.61996339789, -107.312983235268
), E = c(-0.00293910859714398, -0.00253910859714398, -0.00213910859714398, 
-0.00173910859714398, -0.00133910859714398, -0.000939108597143978, 
-0.000539108597143978, -0.000139108597143978, 0.000260891402856022, 
0.000660891402856022, 0.00106089140285602, 0.00146089140285602, 
0.00186089140285602, 0.00226089140285602, 0.00266089140285602, 
0.00306089140285602, 0.00346089140285602, 0.00386089140285602, 
0.00426089140285602, 0.00466089140285602, 0.00506089140285602, 
0.00546089140285602, 0.00586089140285602, 0.00626089140285602, 
0.00666089140285602, 0.00706089140285602, 0.00726089140285602, 
0.00736089140285602, 0.00746089140285602, 0.00766089140285602, 
0.00806089140285602, 0.00846089140285602, 0.00886089140285602, 
0.00926089140285602, 0.00966089140285602, 0.010060891402856, 
0.010460891402856, 0.010860891402856, 0.011260891402856, 0.011660891402856, 
0.012060891402856, 0.012460891402856, 0.012860891402856, 0.013260891402856, 
0.013660891402856, 0.014060891402856, 0.014460891402856, 0.014860891402856, 
0.015260891402856, 0.015660891402856, 0.016060891402856, 0.016460891402856, 
0.016860891402856, 0.017260891402856), kcat = c(-0.00247188158420012, 
-0.00287654751223427, -0.00328120812939857, -0.00368586335116762, 
-0.00409051366225132, -0.00449515891109546, -0.00489979896828999, 
-0.00530443491915375, -0.00570906364513784, -0.00611369127508604, 
-0.00651830143457532, -0.0069229150946396, -0.0073275082395796, 
-0.00773211496484202, -0.00813673083758479, -0.00854132700043247, 
-0.00894591846177794, -0.00935050556212008, -0.00975508700365792, 
-0.0101596645905724, -0.0105642370672553, -0.0109688058692549, 
-0.0113733704151994, -0.0117779314526249, -0.0121824863647358, 
-0.0125870376422618, -0.012789311801748, -0.0128904489847156, 
-0.0129915850107471, -0.0131938564681205, -0.0135983971939834, 
-0.0140029342081355, -0.0144074693513996, -0.0148119983356343, 
-0.0152165227580625, -0.0156210444151672, -0.0160255647267237, 
-0.0164300763897358, -0.016834586595979, -0.0172390937740609, 
-0.0176435969297791, -0.018048097351556, -0.0184525935505342, 
-0.0188570865365869, -0.0192615741271315, -0.0196660552931933, 
-0.0200705427211022, -0.0204750224278018, -0.0208794980096406, 
-0.0212839716623139, -0.021688438888687, -0.0220928948554721, 
-0.0224973749887274, -0.0229018360534952),