structure(list(value = c(-111.27537032002, -111.274918399355, 
-111.271556598167, -111.255004641612, -111.225327032215, -111.182499559955, 
-111.126515166789, -111.057387140682, -110.975112433525, -110.879725002019, 
-110.771257506659, -110.649732750822, -110.515197166104, -110.367723720478, 
-110.207373886453, -110.034210510286, -109.848320957684, -109.649793950854, 
-109.438720648435, -109.215229892522, -108.979409286255, -108.731409716332, 
-108.471302631622, -108.19926906037, -107.915440345219, -107.61996339789, 
-107.312983235268), constraint = c(0, 1e-04, 3e-04, 0.000699999999999999, 
0.0011, 0.0015, 0.0019, 0.0023, 0.0027, 0.0031, 0.00349999999999999, 
0.00389999999999999, 0.00429999999999999, 0.00469999999999999, 
0.00509999999999999, 0.00549999999999999, 0.00589999999999999, 
0.00629999999999999, 0.00669999999999999, 0.00709999999999999, 
0.00749999999999999, 0.00789999999999999, 0.00829999999999999, 
0.00869999999999999, 0.00909999999999999, 0.00949999999999999, 
0.00989999999999999), stepsize = c(1e-04, 2e-04, 4e-04, 4e-04, 
4e-04, 4e-04, 4e-04, 4e-04, 4e-04, 4e-04, 4e-04, 4e-04, 4e-04, 
4e-04, 4e-04, 4e-04, 4e-04, 4e-04, 4e-04, 4e-04, 4e-04, 4e-04, 
4e-04, 4e-04, 4e-04, 4e-04, 4e-04), gamma = c(1, 1, 1, 1, 1, 
1, 1, 1, 1, 1, 1, 1, 1, 1, 1, 1, 1, 1, 1, 1, 1, 1, 1, 1, 1, 1, 
1), whichPar = c("E", "E", "E", "E", "E", "E", "E", "E", "E", 
"E", "E", "E", "E", "E", "E", "E", "E", "E", "E", "E", "E", "E", 
"E", "E", "E", "E", "E"), chisquare = c(228.000003497636, 228.000037312915, 
228.00014810337, 228.000580991569, 228.000579882261, 227.999997746538, 
228.000000034673, 228.000581184287, 228.000580482489, 227.999994105104, 
228.000578338482, 228.000579884874, 228.000580110603, 228.000580277854, 
228.000580165436, 228.000579411915, 228.000580622098, 228.000581109702, 
228.000578758454, 228.000581086308, 228.000581598511, 228.000563254762, 
228.000581811402, 228.00058411931, 228.000582594381, 228.000582482991, 
228.000582953644), data = c(-111.27537032002, -111.274918399355, 
-111.271556598167, -111.255004641612, -111.225327032215, -111.182499559955, 
-111.126515166789, -111.057387140682, -110.975112433525, -110.879725002019, 
-110.771257506659, -110.649732750822, -110.515197166104, -110.367723720478, 
-110.207373886453, -110.034210510286, -109.848320957684, -109.649793950854, 
-109.438720648435, -109.215229892522, -108.979409286255, -108.731409716332, 
-108.471302631622, -108.19926906037, -107.915440345219, -107.61996339789, 
-107.312983235268), E = c(0.00736089140285602, 0.00746089140285602, 
0.00766089140285602, 0.00806089140285602, 0.00846089140285602, 
0.00886089140285602, 0.00926089140285602, 0.00966089140285602, 
0.010060891402856, 0.010460891402856, 0.010860891402856, 0.011260891402856, 
0.011660891402856, 0.012060891402856, 0.012460891402856, 0.012860891402856, 
0.013260891402856, 0.013660891402856, 0.014060891402856, 0.014460891402856, 
0.014860891402856, 0.015260891402856, 0.015660891402856, 0.016060891402856, 
0.016460891402856, 0.016860891402856, 0.017260891402856), kcat = c(-0.0128904489847156, 
-0.0129915850107471, -0.0131938564681205, -0.0135983971939834, 
-0.0140029342081355, -0.0144074693513996, -0.0148119983356343, 
-0.0152165227580625, -0.0156210444151672, -0.0160255647267237, 
-0.0164300763897358, -0.016834586595979, -0.0172390937740609, 
-0.0176435969297791, -0.018048097351556, -0.0184525935505342, 
-0.0188570865365869, -0.0192615741271315, -0.0196660552931933, 
-0.0200705427211022, -0.0204750224278018, -0.0208794980096406, 
-0.0212839716623139, -0.021688438888687, -0.0220928948554721, 
-0.0224973749887274, -0.0229018360534952), kdegS = c(-0.876562312946493, 
-0.876572327104017, -0.876592455636403, -0.876633432682832, -0.876674304961218, 
-0.876715111771243, -0.87675638073335, -0.876799353532257, -0.876841648837725, 
-0.876884081005639, -0.876927524607411, -0.87697108281175, -0.877014766791336, 
-0.877058802523191, -0.877103871270278, -0.877148613240483, -0.877193902173677, 
-0.877239693347895, -0.877285165370418, -0.877331871544842, -0.877377808215872, 
-0.877424690371879, -0.877471832481695, -0.877519875494891, -0.877566468433202, 
-0.877614929657437, -0.877662861403732), koff = c(-534382.014332666, 
-534382.014330104, -534382.015549085, -534382.017989048, -534382.015538204, 
-534382.020515539, -534382.018015453, -534382.015478338, -534382.015400629, 
-534382.018064797, -534382.018064201, -534382.015300161, -534382.01537931, 
-534382.012463178, -534382.012546687, -534382.009459227, -534382.009405403, 
-534382.006131353, -534382.009502844, -534382.009329093, -534382.005755217, 
-534382.005593299, -534382.00181058, -534382.001843707, -534382.001851376, 
-534382.001873808, -534381.997664384), kon = c(-0.0593341298569469, 
-0.0593353809897042, -0.0593379184104617, -0.0593429971419572, 
-0.0593481438185451, -0.0593534283259846, -0.059358560781085, 
-0.0593635373658384, -0.0593686393418145, -0.0593738659899009, 
-0.059378783681289, -0.059383812707376, -0.0593888179763588, 
-0.0593937858915763, -0.0593987179419577, -0.0594036103427195, 
-0.0594084584387928, -0.0594132478502358, -0.0594179983080163, 
-0.0594227050655265, -0.0594273512549994, -0.0594319382016452, 
-0.0594364649522482, -0.0594409347205285, -0.0594453157974781, 
-0.0594496678067445, -0.0594539330366582), offset_E = c(-0.357116074298491, 
-0.357725536253396, -0.357722065945055, -0.357690098433854, -0.357674329614691, 
-0.360143976261317, -0.360143800677398, -0.360140544649028, -0.357557608173468, 
-0.359346775667983, -0.359542273682671, -0.35955021818863, -0.358909210793049, 
-0.359010443590673, -0.356011149506706, -0.356009423127136, -0.359188119341671, 
-0.359234202515994, -0.359134330093655, -0.359480026988659, -0.359477197982245, 
-0.363154821355456, -0.363146564174073, -0.359258130181138, -0.359225250236146, 
-0.359047553102558, -0.359019693024426), S = c(2.00233607272506, 
2.00233673880965, 2.00233811040216, 2.00234088311673, 2.00234372202538, 
2.0023466908902, 2.00234954937483, 2.00235234310838, 2.00235524094296, 
2.00235828332146, 2.00236110342165, 2.002364056407, 2.00236701585037, 
2.00236999267195, 2.00237301361857, 2.00237602133454, 2.00237905217191, 
2.0023821110868, 2.00238514878855, 2.00238824227608, 2.00239130267132, 
2.00239440580463, 2.00239751646427, 2.00240067201261, 2.00240376128109, 
2.00240692924548, 2.00241008000431), sigma_obsE = c(-1.03977866331888, 
-1.03978013437153, -1.0397830541663, -1.0397892346883, -1.03979472021328, 
-1.03979920068917, -1.03980465496005, -1.03981115366984, -1.0398166357462, 
-1.039821102257, -1.03982756264489, -1.03983306269234, -1.03983846091389, 
-1.03984387387981, -1.03984930243373, -1.03985464200751, -1.03985997837737, 
-1.03986530501449, -1.03987048637791, -1.0398757821505, -1.03988090570964, 
-1.03988604883478, -1.03989113388946, -1.03989621114629, -1.03990109456516, 
-1.03990608253888, -1.03991092976016), sigma_obsES = c(-1.06057771969339, 
-1.06067698831169, -1.06086622233733, -1.06120744914741, -1.06149818160852, 
-1.06173819338448, -1.06192874494928, -1.06206984772029, -1.06216025243909, 
-1.06220004500582, -1.06219126897516, -1.0621321332116, -1.06202347041551, 
-1.06186549096857, -1.06165844183321, -1.06140260309644, -1.06109828479517, 
-1.06074582861646, -1.06034560736417, -1.05989802094814, -1.0594035003567, 
-1.05886250195938, -1.05827551053618, -1.05764303448553, -1.05696561030043, 
-1.05624379431013, -1.05547816638784), sigma_obsP = c(-0.966755869902064, 
-0.966755914556699, -0.966756061272631, -0.966756630337229, -0.966756646142038, 
-0.966755930850154, -0.966755948960868, -0.96675670214133, -0.966756716357441, 
-0.966756000161694, -0.966756754596815, -0.966756768664998, -0.966756785385577, 
-0.966756802432393, -0.966756818490356, -0.96675683536077, -0.966756851689597, 
-0.966756870070661, -0.966756891305322, -0.966756902464541, -0.966756918271992, 
-0.966756934486546, -0.966756949402333, -0.966756967318232, -0.966756993712766, 
-0.966756991565119, -0.966757005924721),