structure(list(value = c(-108.175959607395, -108.185076164702, 
-108.182316668299, -108.175432889633, -108.174714777123, -108.178835515073, 
-108.190426027411, -108.212180594426, -108.246471914143, -108.294988377695, 
-108.358702181301, -108.437721298794, -108.53147416036, -108.638778886749, 
-108.758015576374, -108.887291528529, -109.024730082261, -109.241663736697, 
-109.579247236403, -110.077934196874, -110.310726780707, -110.526055954595, 
-110.719988954498, -110.849367070322, -110.963565415294, -111.061471925138, 
-111.142080782956, -111.20447458099, -111.247828673467, -111.271451448691, 
-111.275632338382, -111.275780897481, -111.27537032002, -111.274624634242, 
-111.272154471906, -111.263240367973, -111.248957879342, -111.229248388017, 
-111.204064462963, -111.173334342126, -111.137004574317, -111.095044135158, 
-111.04738014601, -110.993995509747, -110.934833513814, -110.869863944103, 
-110.799033572514, -110.722319549457, -110.639721125027, -110.55117095236, 
-110.456664152432, -110.356182099843, -110.249701845584, -110.137212662206, 
-110.018689285966, -109.89413415162, -109.763529269252, -109.626873379495, 
-109.484154460704, -109.335379938311, -109.180542693029, -109.019670978577, 
-108.852717688805, -108.679723271653, -108.500705388608, -108.315663767198, 
-108.059565710115, -107.792830824275, -107.515476839983, -107.22756444095
), constraint = c(-0.0255921810699578, -0.0247493827160483, -0.0234851851851841, 
-0.0222209876543198, -0.0215888888888878, -0.0209567901234557, 
-0.0203246913580237, -0.0196925925925917, -0.0190604938271597, 
-0.0184283950617277, -0.0177962962962956, -0.0171641975308636, 
-0.0165320987654316, -0.0158999999999996, -0.0152679012345676, 
-0.0146358024691355, -0.0140037037037035, -0.0130555555555554, 
-0.0116333333333332, -0.00949999999999984, -0.00843333333333307, 
-0.0073666666666663, -0.00629999999999953, -0.00549999999999962, 
-0.0046999999999997, -0.00389999999999979, -0.00309999999999988, 
-0.00229999999999997, -0.00150000000000006, -0.000700000000000145, 
-0.000300000000000189, -0.000100000000000211, 0, 0.000100000000000211, 
0.000300000000000189, 0.000700000000000145, 0.0011000000000001, 
0.00150000000000006, 0.00190000000000001, 0.00229999999999997, 
0.00269999999999992, 0.00309999999999988, 0.00349999999999984, 
0.00389999999999979, 0.00429999999999975, 0.0046999999999997, 
0.00509999999999966, 0.00549999999999962, 0.00589999999999957, 
0.00629999999999953, 0.00669999999999948, 0.00709999999999944, 
0.0074999999999994, 0.00789999999999935, 0.00829999999999931, 
0.00869999999999926, 0.00909999999999922, 0.00949999999999918, 
0.00989999999999913, 0.0102999999999991, 0.010699999999999, 0.011099999999999, 
0.011499999999999, 0.0118999999999989, 0.0122999999999989, 0.0126999999999988, 
0.0132333333333321, 0.0137666666666654, 0.0142999999999986, 0.0148333333333319
), stepsize = c(0.000842798353909465, 0.0012641975308642, 0.0012641975308642, 
0.0012641975308642, 0.000632098765432099, 0.000632098765432099, 
0.000632098765432099, 0.000632098765432099, 0.000632098765432099, 
0.000632098765432099, 0.000632098765432099, 0.000632098765432099, 
0.000632098765432099, 0.000632098765432099, 0.000632098765432099, 
0.000632098765432099, 0.000948148148148148, 0.00142222222222222, 
0.00213333333333333, 0.00213333333333333, 0.00106666666666667, 
0.00106666666666667, 0.0016, 8e-04, 8e-04, 8e-04, 8e-04, 8e-04, 
8e-04, 8e-04, 4e-04, 2e-04, 1e-04, 2e-04, 4e-04, 4e-04, 4e-04, 
4e-04, 4e-04, 4e-04, 4e-04, 4e-04, 4e-04, 4e-04, 4e-04, 4e-04, 
4e-04, 4e-04, 4e-04, 4e-04, 4e-04, 4e-04, 4e-04, 4e-04, 4e-04, 
4e-04, 4e-04, 4e-04, 4e-04, 4e-04, 4e-04, 4e-04, 4e-04, 4e-04, 
4e-04, 8e-04, 0.000533333333333333, 0.000533333333333333, 0.000533333333333333, 
0.000533333333333333), gamma = c(1, 1, 1, 1, 1, 1, 1, 1, 1, 1, 
1, 1, 1, 1, 1, 1, 1, 1, 1, 1, 1, 1, 1, 1, 1, 1, 1, 1, 1, 1, 1, 
1, 1, 1, 1, 1, 1, 1, 1, 1, 1, 1, 1, 1, 1, 1, 1, 1, 1, 1, 1, 1, 
1, 1, 1, 1, 1, 1, 1, 1, 1, 1, 1, 1, 1, 1, 1, 1, 1, 1), whichPar = c("S", 
"S", "S", "S", "S", "S", "S", "S", "S", "S", "S", "S", "S", "S", 
"S", "S", "S", "S", "S", "S", "S", "S", "S", "S", "S", "S", "S", 
"S", "S", "S", "S", "S", "S", "S", "S", "S", "S", "S", "S", "S", 
"S", "S", "S", "S", "S", "S", "S", "S", "S", "S", "S", "S", "S", 
"S", "S", "S", "S", "S", "S", "S", "S", "S", "S", "S", "S", "S", 
"S", "S", "S", "S"), chisquare = c(227.99999967772, 228.0000000623, 
227.999954919603, 227.999999465541, 227.999997647973, 227.999998672719, 
227.99998554742, 227.999985150121, 227.999978659276, 227.999999578746, 
227.999999958182, 228.000000065768, 228.00001487847, 228.000000386594, 
228.000000978016, 227.999999071114, 228.000003596631, 228.000001249928, 
228.000010653247, 228.000044217178, 228.000001091462, 228.00000358443, 
228.000006644035, 228.000000915934, 228.000005742137, 228.000076175768, 
228.000602161927, 228.000023858459, 228.000016957442, 228.000226243465, 
228.000001527426, 228.000000613877, 228.000003497636, 227.999959924392, 
227.99992606094, 227.999890082775, 227.999900650714, 228.000001603945, 
228.000001935497, 228.000002249527, 228.000002529058, 228.000002628577, 
228.000002699228, 228.000002702932, 228.000002613843, 228.000019913441, 
228.000001977495, 228.000055322984, 228.000001686772, 227.999998128647, 
228.00003508493, 228.000001101466, 228.000000885399, 227.999999745975, 
228.000000341327, 228.000187226099, 227.999999578917, 228.000100749745, 
228.00016074342, 227.999999731304, 227.999999072691, 227.999994549443, 
227.999999690618, 227.999998868433, 227.999999099097, 227.999995745348, 
228.000469489784, 228.000172069696, 228.000000914868, 228.000001768397
), data = c(-108.175959607395, -108.185076164702, -108.182316668299, 
-108.175432889633, -108.174714777123, -108.178835515073, -108.190426027411, 
-108.212180594426, -108.246471914143, -108.294988377695, -108.358702181301, 
-108.437721298794, -108.53147416036, -108.638778886749, -108.758015576374, 
-108.887291528529, -109.024730082261, -109.241663736697, -109.579247236403, 
-110.077934196874, -110.310726780707, -110.526055954595, -110.719988954498, 
-110.849367070322, -110.963565415294, -111.061471925138, -111.142080782956, 
-111.20447458099, -111.247828673467, -111.271451448691, -111.275632338382, 
-111.275780897481, -111.27537032002, -111.274624634242, -111.272154471906, 
-111.263240367973, -111.248957879342, -111.229248388017, -111.204064462963, 
-111.173334342126, -111.137004574317, -111.095044135158, -111.04738014601, 
-110.993995509747, -110.934833513814, -110.869863944103, -110.799033572514, 
-110.722319549457, -110.639721125027, -110.55117095236, -110.456664152432, 
-110.356182099843, -110.249701845584, -110.137212662206, -110.018689285966, 
-109.89413415162, -109.763529269252, -109.626873379495, -109.484154460704, 
-109.335379938311, -109.180542693029, -109.019670978577, -108.852717688805, 
-108.679723271653, -108.500705388608, -108.315663767198, -108.059565710115, 
-107.792830824275, -107.515476839983, -107.22756444095),