structure(list(value = c(-111.27537032002, -111.274624634242, 
-111.272154471906, -111.263240367973, -111.248957879342, -111.229248388017, 
-111.204064462963, -111.173334342126, -111.137004574317, -111.095044135158, 
-111.04738014601, -110.993995509747, -110.934833513814, -110.869863944103, 
-110.799033572514, -110.722319549457, -110.639721125027, -110.55117095236, 
-110.456664152432, -110.356182099843, -110.249701845584, -110.137212662206, 
-110.018689285966, -109.89413415162, -109.763529269252, -109.626873379495, 
-109.484154460704, -109.335379938311, -109.180542693029, -109.019670978577, 
-108.852717688805, -108.679723271653, -108.500705388608, -108.315663767198, 
-108.059565710115, -107.792830824275, -107.515476839983, -107.22756444095
), constraint = c(0, 0.000100000000000211, 0.000300000000000189, 
0.000700000000000145, 0.0011000000000001, 0.00150000000000006, 
0.00190000000000001, 0.00229999999999997, 0.00269999999999992, 
0.00309999999999988, 0.00349999999999984, 0.00389999999999979, 
0.00429999999999975, 0.0046999999999997, 0.00509999999999966, 
0.00549999999999962, 0.00589999999999957, 0.00629999999999953, 
0.00669999999999948, 0.00709999999999944, 0.0074999999999994, 
0.00789999999999935, 0.00829999999999931, 0.00869999999999926, 
0.00909999999999922, 0.00949999999999918, 0.00989999999999913, 
0.0102999999999991, 0.010699999999999, 0.011099999999999, 0.011499999999999, 
0.0118999999999989, 0.0122999999999989, 0.0126999999999988, 0.0132333333333321, 
0.0137666666666654, 0.0142999999999986, 0.0148333333333319), 
    stepsize = c(1e-04, 2e-04, 4e-04, 4e-04, 4e-04, 4e-04, 4e-04, 
    4e-04, 4e-04, 4e-04, 4e-04, 4e-04, 4e-04, 4e-04, 4e-04, 4e-04, 
    4e-04, 4e-04, 4e-04, 4e-04, 4e-04, 4e-04, 4e-04, 4e-04, 4e-04, 
    4e-04, 4e-04, 4e-04, 4e-04, 4e-04, 4e-04, 4e-04, 4e-04, 8e-04, 
    0.000533333333333333, 0.000533333333333333, 0.000533333333333333, 
    0.000533333333333333), gamma = c(1, 1, 1, 1, 1, 1, 1, 1, 
    1, 1, 1, 1, 1, 1, 1, 1, 1, 1, 1, 1, 1, 1, 1, 1, 1, 1, 1, 
    1, 1, 1, 1, 1, 1, 1, 1, 1, 1, 1), whichPar = c("S", "S", 
    "S", "S", "S", "S", "S", "S", "S", "S", "S", "S", "S", "S", 
    "S", "S", "S", "S", "S", "S", "S", "S", "S", "S", "S", "S", 
    "S", "S", "S", "S", "S", "S", "S", "S", "S", "S", "S", "S"
    ), chisquare = c(228.000003497636, 227.999959924392, 227.99992606094, 
    227.999890082775, 227.999900650714, 228.000001603945, 228.000001935497, 
    228.000002249527, 228.000002529058, 228.000002628577, 228.000002699228, 
    228.000002702932, 228.000002613843, 228.000019913441, 228.000001977495, 
    228.000055322984, 228.000001686772, 227.999998128647, 228.00003508493, 
    228.000001101466, 228.000000885399, 227.999999745975, 228.000000341327, 
    228.000187226099, 227.999999578917, 228.000100749745, 228.00016074342, 
    227.999999731304, 227.999999072691, 227.999994549443, 227.999999690618, 
    227.999998868433, 227.999999099097, 227.999995745348, 228.000469489784, 
    228.000172069696, 228.000000914868, 228.000001768397), data = c(-111.27537032002, 
    -111.274624634242, -111.272154471906, -111.263240367973, 
    -111.248957879342, -111.229248388017, -111.204064462963, 
    -111.173334342126, -111.137004574317, -111.095044135158, 
    -111.04738014601, -110.993995509747, -110.934833513814, -110.869863944103, 
    -110.799033572514, -110.722319549457, -110.639721125027, 
    -110.55117095236, -110.456664152432, -110.356182099843, -110.249701845584, 
    -110.137212662206, -110.018689285966, -109.89413415162, -109.763529269252, 
    -109.626873379495, -109.484154460704, -109.335379938311, 
    -109.180542693029, -109.019670978577, -108.852717688805, 
    -108.679723271653, -108.500705388608, -108.315663767198, 
    -108.059565710115, -107.792830824275, -107.515476839983, 
    -107.22756444095), E = c(0.00736089140285602, 0.00736116708513949, 
    0.00736172057618876, 0.00736283244347278, 0.00736394973760613, 
    0.00736507024686364, 0.00736619321697518, 0.00736731802997332, 
    0.00736844375527367, 0.00736956949287597, 0.00737069445069513, 
    0.00737181765471585, 0.0073729385881543, 0.00737406206480325, 
    0.00737516963364663, 0.00737628476802794, 0.00737738101883949, 
    0.00737847702648617, 0.00737956848748496, 0.00738064804955875, 
    0.00738172122234448, 0.00738278614855765, 0.00738383960133896, 
    0.00738489464990913, 0.00738591643422467, 0.00738694102185971, 
    0.00738795161854215, 0.00738894435192696, 0.00738992600102644, 
    0.00739089553071553, 0.00739185162937312, 0.00739278993979916, 
    0.00739371467509789, 0.00739462363331024, 0.00739581597840135, 
    0.0073969681021055, 0.00739809231515254, 0.00739918659902433
    ), kcat = c(-0.0128904489847156, -0.0128895692716294, -0.0128877706336995, 
    -0.0128840193345981, -0.0128800598319426, -0.0128758966857468, 
    -0.0128715429622618, -0.0128669997683444, -0.0128622699186384, 
    -0.012857359420466, -0.0128522721974717, -0.0128470127845923, 
    -0.012841592773839, -0.0128359683667919, -0.0128302567930656, 
    -0.0128242881268575, -0.0128182975518763, -0.0128120848301708, 
    -0.0128057251072543, -0.0127992553220439, -0.0127926381893606, 
    -0.0127858862852883, -0.012779018172367, -0.0127718857390296, 
    -0.0127649096307193, -0.0127576107152919, -0.0127502474513465, 
    -0.0127428917651459, -0.0127353578112121, -0.0127277260597311, 
    -0.012719962763651, -0.0127121481100981, -0.012704235078064, 
    -0.0126962385677837, -0.0126852067707547, -0.0126744416303673, 
    -0.0126635076654922, -0.0126523591857348), kdegS = c(-0.876562312946493, 
    -0.877867747397643, -0.880460291919738, -0.885575910567072, 
    -0.890599308183874, -0.895532958829037, -0.900385908351781, 
    -0.905158893915058, -0.909854594455407, -0.914476264630004, 
    -0.919026422725615, -0.923507799637329, -0.927922825734045, 
    -0.932269821055769, -0.936562071637026, -0.940785037964924, 
    -0.944961618286613, -0.949076308345109, -0.953132722363956, 
    -0.957143491090239, -0.961099325571367, -0.965004684257048, 
    -0.968863071763371, -0.972657250730014, -0.976438358809876, 
    -0.980148390683989, -0.983821265149306, -0.987467916708912, 
    -0.991062407190373, -0.994615276042599, -0.99812661463259, 
    -1.00160316373159, -1.00504035592269, -1.00844082293698, 
    -1.01288950410131, -1.01732434842643, -1.02169208564368, 
    -1.02598925435736), koff = c(-534382.014332666, -534382.014242976, 
    -534382.006407297, -534382.010666048, -534382.010612437, 
    -534381.965084191, -534381.965513053, -534381.934249113, 
    -534381.944068994, -534381.918278667, -534381.916298799, 
    -534381.888031074, -534381.887083971, -534381.87326866, -534381.913912177, 
    -534381.927317202, -534381.915359336, -534381.912496865, 
    -534381.911732671, -534381.883001835, -534381.897819615, 
    -534381.926432111, -534381.93870236, -534381.926226085, -534381.926762373, 
    -534381.927129386, -534381.916109377, -534381.913183026, 
    -534381.930878579, -534381.922021857, -534381.979716572, 
    -534381.945031992, -534381.945531343, -534381.943648459, 
    -534381.945676193, -534381.930810427, -534381.941582641, 
    -534381.956004558),