structure(list(value = c(-338.83146995822, -338.792679901637, 
-338.672556552782, -338.471120386686, -338.188414791545, -337.824474699636, 
-337.379334966813, -336.853051771869, -336.245643547285, -335.557162716836, 
-334.787640576479), constraint = c(0, 0.00216606175650763, 0.00433212351301526, 
0.00649818526952289, 0.00866424702603052, 0.0108303087825382, 
0.0129963705390458, 0.0151624322955534, 0.017328494052061, 0.0194945558085687, 
0.0216606175650763), stepsize = c(0.00216606175650763, 0.00216606175650763, 
0.00216606175650763, 0.00216606175650763, 0.00216606175650763, 
0.00216606175650763, 0.00216606175650763, 0.00216606175650763, 
0.00216606175650763, 0.00216606175650763, 0.00216606175650763
), gamma = c(0, 0, 0, 0, 0, 0, 0, 0, 0, 0, 0), whichPar = c("L1_E_C2", 
"L1_E_C2", "L1_E_C2", "L1_E_C2", "L1_E_C2", "L1_E_C2", "L1_E_C2", 
"L1_E_C2", "L1_E_C2", "L1_E_C2", "L1_E_C2"), chisquare = c(235.925515665379, 
236.039393211323, 236.230423534877, 236.498579094155, 236.843933413425, 
237.266383795824, 237.765943922084, 238.342595274263, 238.996319543525, 
239.727096090854, 240.534836547889), data = c(-338.83146995822, 
-338.792679901637, -338.672556552782, -338.471120386686, -338.188414791545, 
-337.824474699636, -337.379334966813, -336.853051771869, -336.245643547285, 
-335.557162716836, -334.787640576479), L1_E_C2 = c(0.11990177064616, 
0.122067832402667, 0.124233894159175, 0.126399955915683, 0.12856601767219, 
0.130732079428698, 0.132898141185205, 0.135064202941713, 0.137230264698221, 
0.139396326454728, 0.141562388211236), L1_kcat_C2 = c(0.711741890097168, 
0.709294412494453, 0.706847116288737, 0.704400051444685, 0.701953172350487, 
0.69950663983948, 0.697060469045003, 0.694614718480813, 0.692169443294456, 
0.689724702229904, 0.687280580967599), L1Ref_E = c(-0.00122202383210918, 
-0.00222344065683854, -0.00322524310767777, -0.00422744768557911, 
-0.00523007396838944, -0.00623313491864984, -0.00723664729568193, 
-0.00824062566618908, -0.00924508625753907, -0.0102500445171054, 
-0.0112555127456265), L1Ref_kcat = c(-0.997814618862228, -0.996626650064194, 
-0.995438196300242, -0.99424927891052, -0.993059915359022, -0.991870131526017, 
-0.9906799475825, -0.989489386789639, -0.988298469929403, -0.98710721882389, 
-0.985915658187987), offset_E = c(1e-05, -0.00794859538305549, 
0.0060857124515007, 0.00947828502058394, 0.027468202643804, 0.0338391792717946, 
0.0403210970384916, 0.0616533368506717, 0.0674550765041195, 0.0596549838394322, 
0.13283611756275), offset_S = c(1.00559875125506e-05, -0.0140051714384662, 
-0.0163240675660571, -0.0356117222841132, -0.0314849303226906, 
-0.0318395187450675, -0.0317556936370554, -0.0532890523287338, 
-0.0547621012949335, -0.0365500169144974, -0.0522098848053272
), offset_S_C2 = c(1.00734621265943e-05, 0.000242631137881729, 
0.00441986964183515, 0.000830206674302357, -0.000888503899700867, 
0.0105457848242878, 0.0109691371723583, 0.0135080586262454, 0.0135941788039365, 
0.0134147060923047, 0.0070297127744712), S = c(2.00324298600775, 
2.00315025575333, 2.00305772876349, 2.00296542055511, 2.0028733487189, 
2.00278152444476, 2.00268996367931, 2.00259868015311, 2.00250768794946, 
2.00241700033407, 2.00232663109293), sigma_obsS = c(-1.07008857506357, 
-1.07001434306431, -1.06993711598807, -1.06985693017954, -1.06977382639889, 
-1.06968784184632, -1.06959902033696, -1.06950740581984, -1.06941304472845, 
-1.06931598473045, -1.06921627604714), sigma_obsS_C2 = c(-1.02922836061778, 
-1.02920073914359, -1.02916860032407, -1.02913193202403, -1.02909099874146, 
-1.02904555457212, -1.02899568796149, -1.02894140683277, -1.02888273377177, 
-1.02881970944295, -1.02875219502506), sigmaAbs_obsE = c(0.213426290120658, 
0.212389988580471, 0.211348305513636, 0.210301345692692, 0.209249188729305, 
0.208191680244126, 0.207128867626517, 0.206060558873018, 0.204986970910795, 
0.203908011128167, 0.202823652895131), sigmaRel_obsE = c(-0.601903201165664, 
-0.603054064115578, -0.60421224737473, -0.605377661144007, -0.606550212051066, 
-0.607730105035171, -0.608917299121387, -0.610112015960381, -0.611314043936183, 
-0.612523500663511, -0.61374045672326)), row.names = c(NA, -11L
), class = c("parframe", "data.frame"), parameters = c("L1_E_C2", 
"L1_kcat_C2", "L1Ref_E", "L1Ref_kcat", "offset_E", "offset_S", 
"offset_S_C2", "S", "sigma_obsS", "sigma_obsS_C2", "sigmaAbs_obsE", 
"sigmaRel_obsE"), metanames = c("value", "constraint", "stepsize", 
"gamma", "whichPar"), obj.attributes = c("chisquare", "data"))
