structure(list(value = c(-334.244598925167, -335.388858771982, 
-336.369116120423, -337.185418721806, -337.837827747402, -338.326400366014, 
-338.65120094515, -338.812288284342, -338.83146995822, -338.809756111092, 
-338.643669986935, -338.314070160981, -337.821092136147, -337.164777303153, 
-336.345222967664, -335.362502529378, -334.216769501694), constraint = c(-0.0324909263476145, 
-0.0281588028345993, -0.023826679321584, -0.0194945558085687, 
-0.0151624322955535, -0.0108303087825382, -0.00649818526952295, 
-0.00216606175650769, 0, 0.00216606175650769, 0.00649818526952295, 
0.0108303087825382, 0.0151624322955535, 0.0194945558085687, 0.023826679321584, 
0.0281588028345993, 0.0324909263476145), stepsize = c(0.00433212351301526, 
0.00433212351301526, 0.00433212351301526, 0.00433212351301526, 
0.00433212351301526, 0.00433212351301526, 0.00433212351301526, 
0.00433212351301526, 0.00216606175650763, 0.00433212351301526, 
0.00433212351301526, 0.00433212351301526, 0.00433212351301526, 
0.00433212351301526, 0.00433212351301526, 0.00433212351301526, 
0.00433212351301526), gamma = c(0, 0, 0, 0, 0, 0, 0, 0, 0, 0, 
0, 0, 0, 0, 0, 0, 0), whichPar = c("L1_kcat_C2", "L1_kcat_C2", 
"L1_kcat_C2", "L1_kcat_C2", "L1_kcat_C2", "L1_kcat_C2", "L1_kcat_C2", 
"L1_kcat_C2", "L1_kcat_C2", "L1_kcat_C2", "L1_kcat_C2", "L1_kcat_C2", 
"L1_kcat_C2", "L1_kcat_C2", "L1_kcat_C2", "L1_kcat_C2", "L1_kcat_C2"
), chisquare = c(240.847265061723, 239.689403266513, 238.685944009688, 
237.836873115249, 237.142173033577, 236.601823463878, 236.215795413736, 
235.983745033339, 235.925515665379, 235.904517484053, 235.982510006224, 
236.213191651427, 236.597786202364, 237.13704779849, 237.829727666325, 
238.67398252377, 239.677487059757), data = c(-334.244598925167, 
-335.388858771982, -336.369116120423, -337.185418721806, -337.837827747402, 
-338.326400366014, -338.65120094515, -338.812288284342, -338.83146995822, 
-338.809756111092, -338.643669986935, -338.314070160981, -337.821092136147, 
-337.164777303153, -336.345222967664, -335.362502529378, -334.216769501694
), L1_E_C2 = c(0.138395280016469, 0.135924246107818, 0.133454695573786, 
0.130986697693998, 0.128520323671894, 0.126055644598028, 0.123592724719629, 
0.121131620507035, 0.11990177064616, 0.11867246979179, 0.116215343075294, 
0.113759980441115, 0.111307085267185, 0.108856273120089, 0.106407473743319, 
0.103959835566096, 0.101517178241255), L1_kcat_C2 = c(0.679250963749553, 
0.683583087262568, 0.687915210775584, 0.692247334288599, 0.696579457801614, 
0.700911581314629, 0.705243704827645, 0.70957582834066, 0.711741890097168, 
0.713907951853675, 0.718240075366691, 0.722572198879706, 0.726904322392721, 
0.731236445905736, 0.735568569418752, 0.739900692931767, 0.744232816444782
), L1Ref_E = c(-0.0108899980732351, -0.00959791588116814, -0.00830668907556177, 
-0.00701635934063458, -0.00572696666677915, -0.00443855259451374, 
-0.00315115397342457, -0.00186479855769474, -0.00122202383210918, 
-0.000580007335151012, 0.000703167136419033, 0.00198631980896289, 
0.00326776601751396, 0.00454812898906351, 0.00582742656705522, 
0.00710717712162139, 0.0083816438553093), L1Ref_kcat = c(-0.980246726546755, 
-0.982587321419457, -0.98492856946265, -0.987270413247211, -0.989612797478074, 
-0.991955662906887, -0.994298956862756, -0.996642644352581, -0.997814618862228, 
-0.998986064077895, -1.0013291559945, -1.00367388245879, -1.00601814345589, 
-1.00836266096145, -1.01070749408186, -1.01305447289593, -1.01539653312392
), offset_E = c(0.030687905557231, 0.0154243692742315, 0.0119301553760151, 
-0.00492451792892615, -0.0490060768063944, -0.0449469783582749, 
-0.005537689554748, 0.0141402973053973, 1e-05, 0.000255281973301405, 
-0.0386670526003911, -0.0241870351545463, -0.0369897168169022, 
-0.0658612151890811, -0.0653645925880048, -0.0802838965235943, 
-0.0671738377492508), offset_S = c(-0.0125849245123997, -0.0156588506541629, 
-0.0158732655588225, -0.00998309653401043, 0.0161240362609337, 
-0.00177319663883147, 0.00939266828944221, 0.00578989239274319, 
1.00559875125506e-05, -0.000615408443878853, -0.000991966836938619, 
-0.000693344102903961, 9.27834240483781e-05, 0.0126191110267175, 
0.0218840788171243, 0.0224235646496121, 0.0227143741962528), 
    offset_S_C2 = c(0.0831527349033188, 0.0980645278298665, 0.0805664813202862, 
    0.0458023679452453, 0.0067880419446933, -0.0430538394341468, 
    -0.030458713998921, -0.00318543466604405, 1.00734621265943e-05, 
    -0.000432265346294993, -0.000761203072515579, -0.0041634131137896, 
    -0.00129031704576308, -0.0083331824561731, -0.0164060000739594, 
    0.00956112694024323, -4.06238805674273e-05), S = c(2.00157557388275, 
    2.00179795062364, 2.00202030641848, 2.00224264365167, 2.00246496441567, 
    2.00268726985852, 2.00290956351207, 2.00313184756164, 2.00324298600775, 
    2.0033542543713, 2.00357690779322, 2.00379910607498, 2.0040214489045, 
    2.00424374156409, 2.00446596721698, 2.00468785485267, 2.00491051081066
    ), sigma_obsS = c(-1.06783713464072, -1.06822309514163, -1.06858278469573, 
    -1.06891612842027, -1.06922305991384, -1.06950352067967, 
    -1.06975746400203, -1.06998485075578, -1.07008857506357, 
    -1.07018565688112, -1.07035999183823, -1.07050754169152, 
    -1.0706284698372, -1.07072278499683, -1.07079050448673, -1.07083164465943, 
    -1.07084627637727), sigma_obsS_C2 = c(-1.03814460784211, 
    -1.03708058829445, -1.03597838895441, -1.03483789847431, 
    -1.03365898337373, -1.03244153467962, -1.03118538308944, 
    -1.0298904224466, -1.02922836061778, -1.02855581391032, -1.0272041553906, 
    -1.02579130130433, -1.02433893480692, -1.02284663361444, 
    -1.02131417228963, -1.01973834379188, -1.01812799438469), 
    sigmaAbs_obsE = c(0.219328404289279, 0.218563897141269, 0.217792953264906, 
    0.217015386579304, 0.216230864440111, 0.215439157988642, 
    0.214639985514345, 0.213832944203354, 0.213426290120658, 
    0.213036267068283, 0.212244320862853, 0.211414711569415, 
    0.210576255223559, 0.209728513279856, 0.208871294505854, 
    0.207999506053994, 0.207127027026649), sigmaRel_obsE = c(-0.595457849813302, 
    -0.596292544881719, -0.59713434555896, -0.597983439492839, 
    -0.598840170447024, -0.599704772825212, -0.600577537284331, 
    -0.601459021390635, -0.601903201165664, -0.602329410394609, 
    -0.603194452383501, -0.604100353904608, -0.605015965695468, 
    -0.605941380351199, -0.606877269084898, -0.60782972702131, 
    -0.608781059000375)), row.names = c(NA, -17L), class = c("parframe", 
"data.frame"), parameters = c("L1_E_C2", "L1_kcat_C2", "L1Ref_E", 
"L1Ref_kcat", "offset_E", "offset_S", "offset_S_C2", "S", "sigma_obsS", 
"sigma_obsS_C2", "sigmaAbs_obsE", "sigmaRel_obsE"), metanames = c("value", 
"constraint", "stepsize", "gamma", "whichPar"), obj.attributes = c("chisquare", 
"data"))
