structure(list(value = c(-338.83146995822, -338.809756111092, 
-338.643669986935, -338.314070160981, -337.821092136147, -337.164777303153, 
-336.345222967664, -335.362502529378, -334.216769501694), constraint = c(0, 
0.00216606175650769, 0.00649818526952295, 0.0108303087825382, 
0.0151624322955535, 0.0194945558085687, 0.023826679321584, 0.0281588028345993, 
0.0324909263476145), stepsize = c(0.00216606175650763, 0.00433212351301526, 
0.00433212351301526, 0.00433212351301526, 0.00433212351301526, 
0.00433212351301526, 0.00433212351301526, 0.00433212351301526, 
0.00433212351301526), gamma = c(0, 0, 0, 0, 0, 0, 0, 0, 0), whichPar = c("L1_kcat_C2", 
"L1_kcat_C2", "L1_kcat_C2", "L1_kcat_C2", "L1_kcat_C2", "L1_kcat_C2", 
"L1_kcat_C2", "L1_kcat_C2", "L1_kcat_C2"), chisquare = c(235.925515665379, 
235.904517484053, 235.982510006224, 236.213191651427, 236.597786202364, 
237.13704779849, 237.829727666325, 238.67398252377, 239.677487059757
), data = c(-338.83146995822, -338.809756111092, -338.643669986935, 
-338.314070160981, -337.821092136147, -337.164777303153, -336.345222967664, 
-335.362502529378, -334.216769501694), L1_E_C2 = c(0.11990177064616, 
0.11867246979179, 0.116215343075294, 0.113759980441115, 0.111307085267185, 
0.108856273120089, 0.106407473743319, 0.103959835566096, 0.101517178241255
), L1_kcat_C2 = c(0.711741890097168, 0.713907951853675, 0.718240075366691, 
0.722572198879706, 0.726904322392721, 0.731236445905736, 0.735568569418752, 
0.739900692931767, 0.744232816444782), L1Ref_E = c(-0.00122202383210918, 
-0.000580007335151012, 0.000703167136419033, 0.00198631980896289, 
0.00326776601751396, 0.00454812898906351, 0.00582742656705522, 
0.00710717712162139, 0.0083816438553093), L1Ref_kcat = c(-0.997814618862228, 
-0.998986064077895, -1.0013291559945, -1.00367388245879, -1.00601814345589, 
-1.00836266096145, -1.01070749408186, -1.01305447289593, -1.01539653312392
), offset_E = c(1e-05, 0.000255281973301405, -0.0386670526003911, 
-0.0241870351545463, -0.0369897168169022, -0.0658612151890811, 
-0.0653645925880048, -0.0802838965235943, -0.0671738377492508
), offset_S = c(1.00559875125506e-05, -0.000615408443878853, 
-0.000991966836938619, -0.000693344102903961, 9.27834240483781e-05, 
0.0126191110267175, 0.0218840788171243, 0.0224235646496121, 0.0227143741962528
), offset_S_C2 = c(1.00734621265943e-05, -0.000432265346294993, 
-0.000761203072515579, -0.0041634131137896, -0.00129031704576308, 
-0.0083331824561731, -0.0164060000739594, 0.00956112694024323, 
-4.06238805674273e-05), S = c(2.00324298600775, 2.0033542543713, 
2.00357690779322, 2.00379910607498, 2.0040214489045, 2.00424374156409, 
2.00446596721698, 2.00468785485267, 2.00491051081066), sigma_obsS = c(-1.07008857506357, 
-1.07018565688112, -1.07035999183823, -1.07050754169152, -1.0706284698372, 
-1.07072278499683, -1.07079050448673, -1.07083164465943, -1.07084627637727
), sigma_obsS_C2 = c(-1.02922836061778, -1.02855581391032, -1.0272041553906, 
-1.02579130130433, -1.02433893480692, -1.02284663361444, -1.02131417228963, 
-1.01973834379188, -1.01812799438469), sigmaAbs_obsE = c(0.213426290120658, 
0.213036267068283, 0.212244320862853, 0.211414711569415, 0.210576255223559, 
0.209728513279856, 0.208871294505854, 0.207999506053994, 0.207127027026649
), sigmaRel_obsE = c(-0.601903201165664, -0.602329410394609, 
-0.603194452383501, -0.604100353904608, -0.605015965695468, -0.605941380351199, 
-0.606877269084898, -0.60782972702131, -0.608781059000375)), row.names = c(NA, 
-9L), class = c("parframe", "data.frame"), parameters = c("L1_E_C2", 
"L1_kcat_C2", "L1Ref_E", "L1Ref_kcat", "offset_E", "offset_S", 
"offset_S_C2", "S", "sigma_obsS", "sigma_obsS_C2", "sigmaAbs_obsE", 
"sigmaRel_obsE"), metanames = c("value", "constraint", "stepsize", 
"gamma", "whichPar"), obj.attributes = c("chisquare", "data"))
